17572 1.013503
17574 1.013833
17576 1.016046
17578 1.012128
17580 1.011979
17582 1.013713
17584 1.011619
17586 1.012660
17588 1.011831
17590 1.012968
17592 1.013716
17594 1.012800
17596 1.012031
17598 1.016049
17600 1.011753
17602 1.012238
17604 1.009312
17606 1.013962
17608 1.013108
17610 1.014712
17612 1.014710
17614 1.013378
17616 1.015847
17618 1.011615
17620 1.015011
17622 1.016022
17624 1.013652
17626 1.013217
17628 1.014343
17630 1.013010
17632 1.011507
17634 1.012558
17636 1.016988
17638 1.014452
17640 1.011639
17642 1.013099
17644 1.012418
17646 1.012809
17648 1.013001
17650 1.013306
17652 1.013147
17654 1.010149
17656 1.013711
17658 1.017919
17660 1.012419
17662 1.016634
17664 1.012722
17666 1.010956
17668 1.014716
17670 1.012671
17672 1.014412
17674 1.012686
17676 1.014715
17678 1.011192
17680 1.012753
17682 1.012411
17684 1.013066
17686 1.015575
17688 1.011625
17690 1.013108
17692 1.013497
17694 1.010848
17696 1.013494
17698 1.014366
17700 1.016179
17702 1.017744
17704 1.015057
17706 1.010488
17708 1.012368
17710 1.013432
17712 1.017375
17714 1.012239
17716 1.013330
17718 1.010167
17720 1.015141
17722 1.013352
17724 1.011936
17726 1.013203
17728 1.012944
17730 1.014649
17732 1.013563
17734 1.011576
17736 1.015558
17738 1.009530
17740 1.011872
17742 1.013462
17744 1.011286
17746 1.004426
17748 1.015358
17750 1.015336
17752 1.012200
17754 1.010134
17756 1.017155
17758 1.012816
17760 1.012375
17762 1.001094
17764 0.947631
17766 0.941127
17768 0.989105
17770 1.076687
17772 1.116535
17774 0.967325
17776 1.087900
17778 1.091543
17780 1.009790
17782 0.989217
17784 1.003946
17786 1.114743
17788 1.044117
17790 1.044041
17792 1.127580
17794 0.943725
17796 1.303832
17798 0.828689
17800 1.066042
17802 1.028788
17804 0.765919
17806 1.041075
17808 1.026592
17810 1.299466
17812 0.967221
17814 0.972740
17816 0.976005
17818 1.027257
17820 0.870676
17822 0.995244
17824 1.166005
17826 1.223592
17828 1.124213
17830 1.140835
17832 1.087777
17834 1.024400
17836 0.884040
17838 1.062457
17840 0.959712
17842 0.871043
17844 0.877745
17846 1.135542
17848 1.019396
17850 1.023585
17852 0.955839
17854 1.168846
17856 1.063204
17858 0.884593
17860 0.921524
17862 1.328145
17864 1.112310
17866 0.277095
17868 0.435329
17870 1.271632
17872 0.533506
17874 0.297492
17876 0.535256
17878 0.555552
17880 1.117583
17882 0.912338
17884 1.147030
17886 1.320976
17888 1.311449
17890 1.319555
17892 1.345935
17894 1.356299
17896 1.461166
17898 1.510069
17900 1.544670
17902 1.527228
17904 1.487115
17906 1.361412
17908 1.287113
17910 1.236739
17912 1.198225
17914 1.155061
17916 1.075212
17918 1.056858
17920 1.059370
17922 1.047137
17924 1.034190
17926 1.013087
17928 1.033603
17930 1.037891
17932 1.040963
17934 1.048374
17936 1.041892
17938 0.991050
17940 0.938179
17942 0.894392
17944 0.947347
17946 0.999432
17948 1.027554
17950 1.053917
17952 1.115257
17954 1.177439
17956 1.149847
17958 1.262319
17960 1.350018
17962 1.355615
17964 1.344937
17966 1.319634
17968 1.323630
17970 1.225287
17972 1.067919
17974 1.067030
17976 1.039309
17978 0.999654
17980 1.019587
17982 1.022133
17984 0.987238
17986 0.911390
17988 0.844851
17990 0.783160
17992 0.758860
17994 0.745072
17996 0.822396
17998 0.863696
18000 0.975012
18002 1.017820
18004 1.044814
18006 1.069597
18008 1.054395
18010 0.992907
18012 0.959999
18014 0.938160
18016 0.926732
18018 0.951206
18020 0.968018
18022 0.999093
18024 1.007038
18026 1.009127
18028 1.018250
18030 1.012211
18032 0.992814
18034 0.973407
18036 0.987149
18038 1.005428
18040 1.059056
18042 1.256912
18044 1.335258
18046 1.381351
18048 1.413693
18050 1.421450
18052 1.341419
18054 1.347443
18056 1.264787
18058 1.171466
18060 1.128075
18062 1.076534
18064 1.087090
18066 1.086924
18068 1.062142
18070 1.047512
18072 1.066246
18074 1.047200
18076 1.063964
18078 1.093019
18080 1.103618
18082 1.032436
18084 1.003016
18086 0.973507
18088 0.966837
18090 0.991962
18092 1.059403
18094 1.093394
18096 1.122073
18098 1.123828
18100 1.106739
18102 0.997580
18104 0.891073
18106 0.868752
18108 0.862757
18110 0.906091
18112 0.977555
18114 1.097199
18116 1.369313
18118 1.253781
18120 1.242260
18122 1.227836
18124 1.034436
18126 0.957533
18128 0.903711
18130 0.849814
18132 0.807728
18134 0.870090
18136 0.956189
18138 1.060785
18140 1.110163
18142 1.138108
18144 1.153455
18146 1.125411
18148 1.087929
18150 1.049191
18152 1.002987
18154 0.905456
18156 0.841139
18158 0.862923
18160 0.889135
18162 0.991495
18164 1.100409
18166 1.225494
18168 1.246242
18170 1.218758
18172 1.165995
18174 1.103922
18176 1.010723
18178 0.974151
18180 0.953451
18182 0.929877
18184 0.917766
18186 0.931304
18188 0.971456
18190 1.015314
18192 1.051605
18194 1.081551
18196 1.119674
18198 1.122845
18200 1.107912
18202 1.077320
18204 1.059665
18206 1.057473
18208 1.066346
18210 1.061836
18212 1.083271
18214 1.090251
18216 1.128036
18218 1.173385
18220 1.150851
18222 1.094748
18224 1.021016
18226 0.961906
18228 0.926839
18230 0.915446
18232 0.930024
18234 0.964781
18236 0.971764
18238 0.976284
18240 0.957491
18242 0.936789
18244 0.922166
18246 0.924973
18248 1.069826
18250 1.074876
18252 1.078150
18254 1.119438
18256 1.086408
18258 1.119108
18260 0.991231
18262 0.997986
18264 0.970540
18266 0.926399
18268 0.935495
18270 1.056234
18272 1.034175
18274 1.018827
18276 1.025309
18278 1.051079
18280 1.182431
18282 1.173723
18284 1.107083
18286 1.082222
18288 1.103154
18290 1.157556
18292 1.125967
18294 1.112492
18296 1.057932
18298 1.035839
18300 0.996458
18302 0.935911
18304 0.908490
18306 0.880296
18308 0.865507
18310 0.878046
18312 0.916704
18314 0.981661
18316 1.061951
18318 1.135954
18320 1.208830
18322 1.287611
18324 1.289678
18326 1.234254
18328 1.128175
18330 1.039186
18332 0.890089
18334 0.865216
18336 0.859832
18338 0.875657
18340 0.890073
18342 0.919526
18344 0.913525
18346 0.891775
18348 0.826499
18350 0.753698
18352 0.612109
18354 0.552662
18356 0.474003
18358 0.446572
18360 0.428769
18362 0.387519
18364 0.387447
18366 0.369733
18368 0.329915
18370 0.276260
18372 0.221665
18374 0.301382
18376 0.389116
18378 0.451182
18380 0.418903
18382 0.367671
18384 0.261484
18386 0.272751
18388 0.274381
18390 0.324979
18392 0.403950
18394 0.733440
18396 1.094853
18398 1.469518
18400 1.993260
18402 2.805221
18404 3.125477
18406 3.092282
18408 2.820207
18410 2.833649
18412 2.932373
18414 2.939054
18416 2.610312
18418 2.224995
18420 3.113695
18422 3.055922
18424 2.206196
18426 2.178463
18428 1.537973
18430 1.718064
18432 1.308885
18434 0.955380
18436 1.004210
18438 1.139455
18440 1.275533
18442 1.331826
18444 1.319499
18446 1.117790
18448 0.960500
18450 0.839281
18452 0.751755
18454 0.697359
18456 0.689645
18458 0.731998
18460 0.807547
18462 0.984947
18464 1.243524
18466 1.984173
18468 2.008201
18470 2.040382
18472 2.081747
18474 2.097836
18476 2.005113
18478 1.792001
18480 1.625417
18482 1.577146
18484 1.597510
18486 1.737327
18488 2.010784
18490 2.035618
18492 1.972032
18494 1.785436
18496 1.574351
18498 1.176474
18500 1.024427
18502 0.915496
18504 0.882108
18506 0.910114
18508 0.951027
18510 0.918663
18512 0.855494
18514 0.765424
18516 0.748447
18518 0.824093
18520 0.864776
18522 0.941920
18524 1.029295
18526 1.112121
18528 1.242246
18530 1.257641
18532 1.264871
18534 1.232351
18536 1.146030
18538 1.150659
18540 1.100990
18542 1.093801
18544 1.088704
18546 1.100229
18548 1.104235
18550 1.217426
18552 1.268496
18554 1.300220
18556 1.319544
18558 1.283817
18560 1.190079
18562 1.171807
18564 1.215477
18566 1.241741
18568 1.261635
18570 1.327368
18572 1.272794
18574 1.178210
18576 1.080811
18578 1.005950
18580 1.030767
18582 1.088802
18584 1.119838
18586 1.147406
18588 1.120193
18590 0.931993
18592 0.865301
18594 0.858109
18596 0.862644
18598 0.862620
18600 0.941646
18602 1.053161
18604 1.088133
18606 1.125034
18608 1.118854
18610 1.092473
18612 0.994108
18614 0.903963
18616 0.821093
18618 0.744135
18620 0.717681
18622 0.831519
18624 0.947470
18626 1.042445
18628 1.099370
18630 1.084824
18632 1.017902
18634 0.974944
18636 0.888596
18638 0.850669
18640 0.827846
18642 0.779980
18644 0.775481
18646 0.785027
18648 0.815854
18650 0.899763
18652 0.995084
18654 1.034468
18656 1.012726
18658 0.973476
18660 0.933134
18662 0.882719
18664 0.872135
18666 0.908158
18668 0.941648
18670 0.989812
18672 1.040522
18674 1.091823
18676 1.085117
18678 1.066100
18680 1.052030
18682 1.035007
18684 0.991107
18686 0.957354
18688 0.927442
18690 0.918776
18692 0.921946
18694 0.970220
18696 0.992136
18698 1.037914
18700 1.068919
18702 1.096088
18704 1.124589
18706 1.193389
18708 1.211538
18710 1.197259
18712 1.151976
18714 1.075369
18716 0.925369
18718 0.869878
18720 0.828626
18722 0.800667
18724 0.793941
18726 0.814710
18728 0.868308
18730 0.963546
18732 1.037224
18734 1.098428
18736 1.996458
18738 1.903542
18740 1.812561
18742 1.561481
18744 1.224689
18746 0.774134
18748 0.889217
18750 1.240496
18752 1.466695
18754 1.811651
18756 1.998710
18758 2.000814
18760 2.004435
18762 2.008049
18764 2.000943
18766 2.009958
18768 2.212250
18770 2.362964
18772 2.241625
18774 2.234633
18776 2.041821
18778 2.409640
18780 2.216800
18782 1.999983
18784 2.566979
18786 2.222860
18788 2.009573
18790 2.168078
18792 2.153116
18794 2.056252
18796 2.097427
18798 1.821793
18800 1.739731
18802 1.599766
18804 1.584657
18806 1.502911
18808 1.521814
18810 1.623900
18812 1.675256
18814 1.700669
18816 1.764342
18818 1.797628
18820 1.879913
18822 1.900381
18824 1.917919
18826 1.912652
18828 1.869966
18830 1.724816
18832 1.652534
18834 1.600342
18836 1.548038
18838 1.447361
18840 1.343373
18842 1.277988
18844 1.246280
18846 1.200836
18848 1.135825
18850 1.099735
18852 1.019969
18854 0.988771
18856 0.939197
18858 0.908093
18860 0.856378
18862 0.847634
18864 0.828263
18866 0.812248
18868 0.804556
18870 0.786430
18872 0.828105
18874 0.842791
18876 0.878892
18878 0.901265
18880 0.922695
18882 1.004076
18884 1.032966
18886 1.066944
18888 1.100136
18890 1.140962
18892 1.197224
18894 1.212821
18896 1.231992
18898 1.253617
18900 1.266544
18902 1.273312
18904 1.278996
18906 1.289258
18908 1.302745
18910 1.299013
18912 1.281295
18914 1.215640
18916 1.173915
18918 1.136235
18920 1.113484
18922 1.092622
18924 1.029791
18926 1.007146
18928 0.992466
18930 0.962784
18932 0.941907
18934 0.910847
18936 0.933118
18938 0.902112
18940 0.897361
18942 0.907522
18944 0.896156
18946 0.908799
18948 0.934376
18950 0.931345
18952 0.931669
18954 0.954405
18956 0.957840
18958 0.947553
18960 0.944163
18962 0.973891
18964 0.986220
18966 1.032770
18968 1.048111
18970 1.090890
18972 1.137174
18974 1.122592
18976 1.145472
18978 1.162851
18980 1.161966
18982 1.165427
18984 1.170790
18986 1.173249
18988 1.175588
18990 1.178876
18992 1.173505
18994 1.168801
18996 1.171500
18998 1.170674
19000 1.163847
19002 1.160747
19004 1.145787
19006 1.117495
19008 1.087417
19010 1.073607
19012 1.041801
19014 1.034270
19016 1.010530
19018 0.981956
19020 1.006764
19022 0.987308
19024 1.005290
19026 0.995156
19028 1.002319
19030 0.997923
19032 1.019548
19034 1.008924
19036 1.026336
19038 1.037499
19040 1.046847
19042 1.060407
19044 1.067950
19046 1.075046
19048 1.087706
19050 1.093394
19052 1.082465
19054 1.080188
19056 1.104727
19058 1.100702
19060 1.120371
19062 1.122700
19064 1.120368
19066 1.121571
19068 1.149653
19070 1.131888
19072 1.139291
19074 1.126688
19076 1.110887
19078 1.101618
19080 1.124636
19082 1.140874
19084 1.147082
19086 1.145352
19088 1.164481
19090 1.108621
19092 1.065881
19094 1.024421
19096 0.996624
19098 0.982037
19100 0.976430
19102 0.966807
19104 0.931229
19106 0.925628
19108 0.957815
19110 0.996190
19112 0.944840
19114 0.889401
19116 0.845169
19118 0.794217
19120 0.685649
19122 0.662112
19124 0.590530
19126 0.530835
19128 0.556507
19130 0.424705
19132 0.333240
19134 0.489730
19136 0.879746
19138 1.084472
19140 1.184788
19142 1.285327
19144 1.276576
19146 1.547393
19148 1.478472
19150 1.621436
19152 2.049520
19154 2.006433
19156 1.605558
19158 1.790149
19160 2.120099
19162 2.038601
19164 2.025036
19166 2.035631
19168 2.056861
19170 2.051542
19172 2.048458
19174 2.030200
19176 2.052341
19178 2.080874
19180 2.067014
19182 2.179354
19184 2.233313
19186 2.266399
19188 2.315612
19190 2.351274
19192 2.467727
19194 2.087140
19196 2.052322
19198 2.118587
19200 2.014065
19202 1.837704
19204 2.136436
19206 2.062903
19208 2.002574
19210 2.074812
19212 2.096786
19214 1.996590
19216 2.008874
19218 2.082623
19220 2.123572
19222 2.076964
19224 2.094040
19226 2.122810
19228 2.144943
19230 2.161392
19232 2.170928
19234 2.061090
19236 1.803674
19238 1.616567
19240 1.484801
19242 1.389429
19244 1.278311
19246 1.243472
19248 1.235655
19250 1.277754
19252 1.378065
19254 1.498724
19256 1.884985
19258 2.030007
19260 2.018218
19262 2.018579
19264 2.020761
19266 2.030412
19268 2.037468
19270 2.049242
19272 1.873000
19274 1.729469
19276 1.545055
19278 1.420190
19280 1.303397
19282 1.208520
19284 1.151637
19286 1.057230
19288 1.018615
19290 0.976161
19292 0.973479
19294 0.961653
19296 1.092447
19298 1.229129
19300 1.300235
19302 1.335970
19304 1.362860
19306 1.427304
19308 1.469296
19310 1.490984
19312 1.479576
19314 1.434746
19316 1.397178
19318 1.290711
19320 1.253798
19322 1.229653
19324 1.226201
19326 1.214403
19328 1.161234
19330 1.156946
19332 1.150330
19334 1.133959
19336 1.124277
19338 1.131740
19340 1.147300
19342 1.140749
19344 1.146951
19346 1.146048
19348 1.178840
19350 1.178379
19352 1.163334
19354 1.135726
19356 1.101470
19358 1.097912
19360 1.080883
19362 1.020553
19364 0.992980
19366 0.959573
19368 0.970972
19370 0.959909
19372 0.957583
19374 0.951859
19376 0.927686
19378 0.947603
19380 0.970502
19382 0.908954
19384 0.935460
19386 0.963506
19388 0.995790
19390 1.039120
19392 1.061916
19394 1.095401
19396 1.134106
19398 1.127049
19400 1.140304
19402 1.140046
19404 1.130484
19406 1.123683
19408 1.121980
19410 1.105664
19412 1.124896
19414 1.137069
19416 1.126223
19418 1.122686
19420 1.253649
19422 1.085392
19424 1.041172
19426 1.030480
19428 1.033139
19430 0.946961
19432 0.605265
19434 0.801780
19436 0.865627
19438 1.054199
19440 1.054270
19442 0.905200
19444 0.860917
19446 0.871569
19448 0.877005
19450 0.871547
19452 0.949114
19454 0.975344
19456 1.072771
19458 1.190859
19460 1.251987
19462 1.079286
19464 1.034582
19466 1.093201
19468 1.137064
19470 1.158750
19472 1.101322
19474 1.095263
19476 1.099189
19478 1.095999
19480 1.089377
19482 1.116993
19484 1.080799
19486 1.084142
19488 1.097716
19490 1.150311
19492 1.197768
19494 1.188669
19496 1.217134
19498 1.244606
19500 1.248502
19502 1.480494
19504 1.322690
19506 1.300097
19508 1.325751
19510 1.419832
19512 1.498367
19514 1.580594
19516 1.637025
19518 1.703948
19520 1.784509
19522 1.945793
19524 1.652805
19526 1.640297
19528 1.845194
19530 2.036613
19532 2.008982
19534 2.027128
19536 2.025174
19538 2.049506
19540 2.130580
19542 1.658027
19544 1.601390
19546 1.624819
19548 1.542750
19550 1.528107
19552 1.664548
19554 2.027728
19556 2.072746
19558 2.033705
19560 1.452571
19562 1.103252
19564 1.317856
19566 1.735390
19568 1.270735
19570 0.683640
19572 0.498738
19574 0.556422
19576 0.788973
19578 0.787972
19580 0.911753
19582 0.888340
19584 0.921507
19586 1.040491
19588 1.065043
19590 1.055774
19592 1.056158
19594 1.071371
19596 1.038380
19598 1.061424
19600 1.033943
19602 0.965021
19604 0.937200
19606 0.933539
19608 0.898050
19610 0.870534
19612 0.894323
19614 0.897253
19616 0.870820
19618 0.931807
19620 0.925930
19622 0.886803
19624 0.842295
19626 0.866149
19628 1.403883
19630 1.018711
19632 0.849808
19634 0.850568
19636 1.021935
19638 1.050002
19640 1.441642
19642 1.662384
19644 1.815229
19646 1.979185
19648 1.998698
19650 2.033574
19652 1.997596
19654 2.001766
19656 2.017833
19658 2.009132
19660 1.478665
19662 1.182003
19664 0.971602
19666 0.799506
19668 0.685181
19670 0.896669
19672 1.142511
19674 1.406807
19676 1.669827
19678 1.940356
19680 2.201228
19682 2.275241
19684 2.283397
19686 2.188269
19688 1.696933
19690 0.850252
19692 0.618895
19694 0.665758
19696 0.867804
19698 1.107207
19700 1.448440
19702 1.503390
19704 1.451324
19706 1.299718
19708 1.135327
19710 0.999442
19712 0.917432
19714 0.974742
19716 1.049924
19718 1.115371
19720 1.168018
19722 1.198282
19724 1.132438
19726 1.068256
19728 1.027562
19730 1.004399
19732 1.016594
19734 1.018672
19736 1.023362
19738 1.018167
19740 1.007093
19742 1.014383
19744 1.021277
19746 1.025681
19748 1.025051
19750 1.022188
19752 0.995235
19754 0.992864
19756 0.988286
19758 0.994776
19760 1.008569
19762 1.012639
19764 1.011453
19766 1.004211
19768 0.988076
19770 0.990980
19772 0.986508
19774 0.996982
19776 1.000722
19778 1.016796
19780 1.008188
19782 1.002836
19784 0.983393
19786 0.984781
19788 0.971338
19790 0.989893
19792 0.990756
19794 1.014776
19796 1.011280
19798 1.013089
19800 1.014911
19802 1.002506
19804 0.998026
19806 1.003587
19808 1.012930
19810 1.014883
19812 0.685430
19814 0.943591
19816 1.036620
19818 1.207662
19820 0.893844
19822 0.984757
19824 1.198849
19826 1.188278
19828 1.123065
19830 1.097402
19832 1.024542
19834 0.965678
19836 1.005328
19838 1.014574
19840 1.017403
19842 1.043745
19844 1.097134
19846 1.106348
19848 1.080360
19850 1.133866
19852 1.015177
19854 1.014776
19856 0.996885
19858 1.098428
19860 1.206495
19862 1.172816
19864 1.162980
19866 1.099029
19868 0.984758
19870 0.986658
19872 0.977941
19874 1.005506
19876 1.100723
19878 1.081008
19880 1.004502
19882 0.981012
19884 0.946880
19886 0.922889
19888 0.979367
19890 1.058367
19892 1.033469
19894 1.039821
19896 0.997208
19898 0.982735
19900 0.974788
19902 1.029608
19904 1.013285
19906 1.014278
19908 0.939223
19910 0.921992
19912 0.943136
19914 0.953777
19916 0.950117
19918 0.948026
19920 0.950611
19922 0.940474
19924 0.927729
19926 0.908351
19928 0.892628
19930 0.848994
19932 0.843287
19934 0.824677
19936 0.760366
19938 0.809801
19940 0.935498
19942 1.061425
19944 1.206151
19946 1.408083
19948 1.692081
19950 2.461148
19952 2.797817
19954 2.997375
19956 3.216381
19958 3.118135
19960 2.686529
19962 2.344113
19964 2.116276
19966 2.145697
19968 2.636384
19970 2.843561
19972 3.456977
19974 3.456977
19976 3.456977
19978 3.300062
19980 2.899924
19982 2.456508
19984 2.287224
19986 2.105683
19988 1.984470
19990 1.745877
19992 1.117845
19994 1.010892
19996 1.201884
19998 1.470190
20000 1.662920
20002 1.752611
20004 1.705488
20006 1.609752
20008 1.509948
20010 1.395263
20012 0.995130
20014 1.092475
20016 1.286510
20018 1.413120
20020 1.376065
20022 1.169098
20024 0.959166
20026 0.928404
20028 0.914790
20030 0.898190
20032 0.905225
20034 1.054503
20036 1.115755
20038 1.151992
20040 1.100496
20042 0.989752
20044 0.968402
20046 0.997560
20048 1.019398
20050 1.014717
20052 1.020013
20054 1.149592
20056 1.142775
20058 1.047526
20060 0.963762
20062 0.954123
20064 1.077939
20066 1.097880
20068 1.068739
20070 1.022436
20072 1.004107
20074 1.023966
20076 1.068247
20078 1.013286
20080 0.973418
20082 1.003261
20084 1.070350
20086 1.028530
20088 0.940293
20090 0.925549
20092 1.002240
20094 1.054567
20096 0.987820
20098 0.959982
20100 0.998232
20102 1.067350
20104 1.106055
20106 1.064903
20108 1.031948
20110 1.014797
20112 1.007973
20114 0.970756
20116 0.903268
20118 0.916004
20120 0.969050
20122 1.044845
20124 1.093679
20126 1.052033
20128 0.992595
20130 1.023807
20132 1.043619
20134 1.031048
20136 0.965308
20138 0.977575
20140 1.016865
20142 1.045729
20144 1.050475
20146 1.021236
20148 0.981197
20150 1.015922
20152 1.039522
20154 1.066991
20156 1.065223
20158 1.048701
20160 1.046796
20162 1.026818
20164 0.985242
20166 0.976965
20168 1.071300
20170 1.080731
20172 1.039680
20174 1.006241
20176 1.021310
20178 1.034585
20180 0.963025
20182 0.960270
20184 1.005516
20186 1.033854
20188 1.042830
20190 1.030973
20192 1.039435
20194 1.023793
20196 0.998395
20198 0.998448
20200 1.005114
20202 0.983414
20204 1.017174
20206 1.047995
20208 1.042857
20210 0.989824
20212 0.973807
20214 0.983526
20216 0.998717
20218 1.009701
20220 1.001087
20222 0.997421
20224 0.996531
20226 1.006923
20228 1.022439
20230 0.976673
20232 1.008446
20234 1.068696
20236 1.092236
20238 1.060607
20240 1.017053
20242 0.990775
20244 0.993598
20246 1.006318
20248 1.005751
20250 1.016392
20252 1.023581
20254 1.004569
20256 1.013308
20258 1.016134
20260 1.030241
20262 1.015872
20264 1.022543
20266 1.022665
20268 1.019958
20270 1.014724
20272 1.061962
20274 1.072584
20276 1.055311
20278 1.026913
20280 1.034170
20282 1.047119
20284 1.031739
20286 0.990822
20288 0.975791
20290 1.013651
20292 1.029294
20294 1.147299
20296 1.187613
20298 1.169659
20300 1.143743
20302 1.142621
20304 1.177694
20306 1.188485
20308 1.210444
20310 1.175804
20312 1.148144
20314 1.165901
20316 1.231201
20318 1.307500
20320 1.354141
20322 1.405918
20324 1.506827
20326 1.586994
20328 1.706298
20330 1.883338
20332 2.114055
20334 2.970302
20336 3.418247
20338 3.456977
20340 3.456977
20342 3.456977
20344 3.456977
20346 3.279660
20348 2.605908
20350 2.066955
20352 2.545217
20354 2.826895
20356 2.855930
20358 2.428743
20360 2.315301
20362 1.854803
20364 0.748970
20366 0.988304
20368 1.213551
20370 0.873094
20372 0.409374
20374 0.830119
20376 1.661987
20378 1.760240
20380 1.394797
20382 0.895567
20384 0.675780
20386 0.775853
20388 0.799446
20390 0.771180
20392 0.758426
20394 0.763791
20396 0.821719
20398 0.857677
20400 0.911112
20402 0.971162
20404 0.956204
20406 0.954871
20408 1.000345
20410 1.017189
20412 1.058553
20414 1.065461
20416 1.049807
20418 1.060207
20420 1.046615
20422 1.020315
20424 1.034929
20426 1.064742
20428 1.102224
20430 1.080018
20432 1.075188
20434 1.059089
20436 1.058767
20438 1.068849
20440 1.064538
20442 1.066060
20444 1.043198
20446 1.042744
20448 1.066352
20450 1.051724
20452 1.037672
20454 1.023655
20456 1.014250
20458 1.004252
20460 0.980236
20462 0.974454
20464 0.971563
20466 0.988042
20468 0.999845
20470 0.974561
20472 0.987887
20474 0.989997
20476 0.990044
20478 0.972436
20480 0.974776
20482 0.977628
20484 0.976162
20486 0.982002
20488 0.983519
20490 1.016400
20492 1.009893
20494 1.022563
20496 1.025711
20498 1.007632
20500 0.991098
20502 0.994952
20504 1.003171
20506 1.010051
20508 1.011586
20510 1.006964
20512 1.019360
20514 1.010545
20516 0.997120
20518 1.012019
20520 1.025995
20522 1.002005
20524 0.999010
20526 1.004132
20528 1.029198
20530 1.036491
20532 1.012360
20534 1.001181
20536 1.006305
20538 0.999671
20540 0.996564
20542 0.992387
20544 1.010763
20546 1.007227
20548 0.992328
20550 0.996431
20552 1.005461
20554 1.024593
20556 1.004020
20558 0.990809
20560 0.993149
20562 0.990398
20564 0.992718
20566 0.989651
20568 0.978375
20570 0.967049
20572 0.972974
20574 0.951549
20576 0.932195
20578 0.911453
20580 0.900869
20582 0.912392
20584 0.887428
20586 0.826411
20588 0.803857
20590 0.833145
20592 0.873265
20594 0.977764
20596 0.801456
20598 0.782655
20600 0.863591
20602 0.934810
20604 1.102696
20606 1.527675
20608 1.633171
20610 1.659905
20612 1.530481
20614 1.253763
20616 0.757865
20618 0.613769
20620 0.622089
20622 0.740419
20624 0.897780
20626 1.047342
20628 0.947436
20630 0.741529
20632 0.710963
20634 0.823715
20636 0.885031
20638 0.966053
20640 1.203626
20642 1.414569
20644 1.445950
20646 1.296177
20648 1.063114
20650 1.038311
20652 0.942365
20654 0.835297
20656 0.887299
20658 0.961723
20660 1.107457
20662 1.224564
20664 1.252384
20666 1.218741
20668 1.180198
20670 1.157553
20672 1.192440
20674 1.136111
20676 1.101970
20678 1.058553
20680 0.976143
20682 0.963839
20684 0.970939
20686 1.103411
20688 1.179934
20690 0.973305
20692 0.903957
20694 0.842495
20696 0.851503
20698 0.898990
20700 1.189039
20702 1.252405
20704 1.269098
20706 1.215590
20708 1.142970
20710 0.870944
20712 0.827984
20714 0.788789
20716 0.690026
20718 0.609008
20720 0.667272
20722 0.947726
20724 0.999591
20726 1.004980
20728 0.981007
20730 0.910545
20732 0.705034
20734 0.717103
20736 0.825986
20738 0.908765
20740 0.974056
20742 1.134501
20744 1.203154
20746 1.220778
20748 1.194797
20750 1.153548
20752 1.047851
20754 0.949479
20756 0.952357
20758 1.014692
20760 1.126071
20762 1.276300
20764 1.364384
20766 1.300893
20768 1.155613
20770 0.952547
20772 0.823614
20774 0.885691
20776 1.005971
20778 1.132414
20780 1.236873
20782 1.247341
20784 1.035027
20786 1.033647
20788 1.018136
20790 1.102974
20792 1.120051
20794 1.220263
20796 1.243944
20798 1.082742
20800 0.880283
20802 0.783998
20804 0.993484
20806 1.196578
20808 1.144920
20810 1.113736
20812 1.089168
20814 1.034651
20816 0.957990
20818 0.884702
20820 0.924039
20822 1.015423
20824 1.053968
20826 1.032641
20828 1.048410
20830 1.011748
20832 0.982345
20834 0.996806
20836 0.965416
20838 1.193027
20840 1.247848
20842 1.163290
20844 1.041117
20846 0.823627
20848 1.019863
20850 0.982359
20852 1.237687
20854 1.231701
20856 1.101077
20858 1.011795
20860 1.439637
20862 1.437963
20864 1.397624
20866 0.922021
20868 0.912470
20870 1.008706
20872 0.979371
20874 1.114936
20876 1.543510
20878 1.085253
20880 1.461714
20882 1.349851
20884 1.028615
20886 0.943261
20888 1.047312
20890 0.972917
20892 0.913545
20894 0.998406
20896 1.106944
20898 1.014649
20900 0.893769
20902 0.804862
20904 0.849695
20906 1.001942
20908 1.106361
20910 1.156070
20912 1.091068
20914 1.007758
20916 0.762278
20918 0.865915
20920 1.092361
20922 1.053416
20924 1.043252
20926 1.025330
20928 1.035603
20930 1.134910
20932 0.920865
20934 0.943344
20936 1.037908
20938 0.985500
20940 0.975088
20942 0.907020
20944 0.955622
20946 0.967893
20948 0.964512
20950 1.060409
20952 1.084460
20954 1.002079
20956 0.912946
20958 0.961990
20960 0.942811
20962 1.011416
20964 1.055717
20966 1.035827
20968 1.077579
20970 1.107324
20972 1.109649
20974 1.000048
20976 1.033382
20978 1.050088
20980 1.038186
20982 0.972232
20984 1.030027
20986 1.035779
20988 1.029820
20990 0.929694
20992 1.014343
20994 0.953619
20996 0.792682
20998 0.833362
21000 0.980769
21002 1.040083
21004 1.003211
21006 0.938289
21008 1.011258
21010 1.171407
21012 0.970301
21014 0.831500
21016 0.925250
21018 1.005047
21020 0.908997
21022 0.800178
21024 1.115005
21026 1.212522
21028 1.095558
21030 0.919710
21032 0.931411
21034 1.179908
21036 1.104486
21038 1.030172
21040 0.990433
21042 1.011644
21044 0.980925
21046 1.035667
21048 1.076270
21050 1.072189
21052 1.025080
21054 1.016137
21056 1.053786
21058 0.983640
21060 0.857900
21062 0.855295
21064 0.958551
21066 0.985626
21068 0.922085
21070 0.881948
21072 0.916780
21074 1.066551
21076 1.109734
21078 1.018120
21080 0.923126
21082 0.907968
21084 0.985544
21086 0.958489
21088 0.843740
21090 0.816006
21092 0.856474
21094 0.916651
21096 1.094992
21098 1.050533
21100 0.999970
21102 1.049022
21104 1.094257
21106 0.924338
21108 1.031007
21110 1.067120
21112 1.020149
21114 0.970714
21116 1.003778
21118 0.998899
21120 1.027086
21122 1.043517
21124 1.034575
21126 1.040661
21128 1.001260
21130 1.003481
21132 1.051823
21134 1.023028
21136 1.011529
21138 1.020291
21140 1.050299
21142 1.067134
21144 1.077276
21146 1.028611
21148 1.152880
21150 1.110883
21152 1.033836
21154 0.980098
21156 0.962519
21158 0.927927
21160 0.935644
21162 0.952620
21164 1.029947
21166 1.065445
21168 1.037999
21170 1.133548
21172 1.036435
21174 0.964615
21176 0.976019
21178 0.984593
21180 0.954495
21182 0.955902
21184 0.956720
21186 0.983094
21188 1.018146
21190 1.016512
21192 1.016695
21194 1.015689
21196 1.016026
21198 0.957964
21200 1.042165
21202 0.991274
21204 0.940188
21206 0.907488
21208 0.983248
21210 1.000796
21212 1.009918
21214 1.025836
21216 0.993204
21218 0.982590
21220 1.004224
21222 0.963616
21224 0.984929
21226 0.985754
21228 1.016546
21230 0.996704
21232 1.004347
21234 1.012940
21236 1.005358
21238 1.032460
21240 1.040236
21242 1.007279
21244 1.027810
21246 1.024722
21248 0.996134
21250 0.990152
21252 1.042935
21254 1.073434
21256 1.042476
21258 1.027524
21260 1.030606
21262 1.001262
21264 0.998664
21266 0.980899
21268 0.953840
21270 1.011152
21272 1.000440
21274 1.027389
21276 1.033595
21278 1.016929
21280 1.025538
21282 1.024225
21284 1.023249
21286 1.010444
21288 0.978117
21290 0.976046
21292 0.989794
21294 0.922903
21296 0.950602
21298 0.997326
21300 1.006571
21302 1.011016
21304 1.009714
21306 1.012028
21308 1.014990
21310 1.012348
21312 0.992518
21314 1.027917
21316 1.017652
21318 1.007231
21320 1.005256
21322 1.001724
21324 1.024089
21326 1.003926
21328 0.989379
21330 1.011482
21332 1.015803
21334 1.004873
21336 1.012436
21338 0.980458
21340 0.978398
21342 1.015072
21344 1.010712
21346 0.991612
21348 0.988759
21350 0.984671
21352 0.968495
21354 0.977835
21356 0.988919
21358 0.994701
21360 1.018006
21362 1.010353
21364 0.998460
21366 1.036315
21368 1.034919
21370 1.017816
21372 1.032017
21374 1.028482
21376 1.033744
21378 1.006435
21380 0.949153
21382 0.973385
21384 1.006232
21386 1.006889
21388 0.986418
21390 1.001535
21392 1.008715
21394 1.023176
21396 1.028947
21398 0.994942
21400 0.972851
21402 0.974636
21404 0.978330
21406 0.987395
21408 1.007206
21410 1.019779
21412 1.021166
21414 0.996892
21416 1.053826
21418 1.028238
21420 1.012082
21422 0.994069
21424 1.001427
21426 0.995371
21428 0.996110
21430 0.976175
21432 0.999496
21434 1.020938
21436 0.987146
21438 0.972477
21440 1.030620
21442 1.005998
21444 0.994532
21446 0.982885
21448 0.980359
21450 1.018649
21452 1.000483
21454 1.000526
21456 1.015503
21458 1.022606
21460 1.030373
21462 1.012396
21464 1.003820
21466 1.014856
21468 0.998519
21470 1.030154
21472 1.028973
21474 0.993288
21476 0.989180
21478 0.979393
21480 0.989584
21482 0.998289
21484 1.026945
21486 1.019798
21488 1.007544
21490 0.983236
21492 0.975211
21494 1.040757
21496 1.048284
21498 0.992494
21500 1.032204
21502 0.962006
21504 1.030662
21506 1.014769
21508 1.019787
21510 1.017612
21512 0.973341
21514 1.009803
21516 1.061790
21518 1.023453
21520 0.984280
21522 0.968368
21524 0.966625
21526 1.008242
21528 1.018543
21530 1.005072
21532 1.010664
21534 1.017007
21536 1.018956
21538 1.011274
21540 1.006756
21542 0.994979
21544 0.964624
21546 1.004203
21548 1.038983
21550 1.047395
21552 1.031670
21554 1.024164
21556 1.040342
21558 1.005902
21560 0.974547
21562 0.994810
21564 1.009775
21566 0.981516
21568 0.945305
21570 0.989692
21572 1.040968
21574 1.005696
